1111010001110110110100001010110101111000011100110111101000001100011011110001101001011110111100110000100010011100101111101111011101011011100000010010111001011100000010011110000000100100110110111000010100110101000011101101011001011101001110100001010010000010
0110000011100001100011001100010101000110010101001100001110100111111011110011000001000000000011000100011110010001010111011110010001010000111111111101110010000010010101011000010001010000101110010101011101011000100001000100001110000111011010010111010111110110
0000100010111111010100001101001010111110000000011100101110110101111000010011110101100111110001001001011110110111101011000001101100000110001011100001000100100001000101110101001111010111100011110010101111001110001010000000100100001001110011100111010010011001
0110101110100001110011110001001000110101001000101110110011001101110100110101000011100100110000011000111101110010001111111010101011010111101000001001111111011000011010100011110111110001111001100001000111010100100100010010010001010100011000001001111000110111
0111100010000111001111000011100111111111100000100001100111011101011101101100000111100111001001111011001000100011010111001111110101000111100110010111010001110110001101010000000010010010110111111110110010111101100010100010101110001100100100001100101100001010
0110100011100110000110111100110101000100100001101101101101010001000001000000011101000110000111000000001110110010110011100110001110101000110011001110011111011111111010001011101010101110001011110111001001100010101010000001011010100111000001110111000111100001
0011000000001110111101100000100101101100111010111000100111000010000111001111110111111110001100010111000101111011011000100100111110000111110110011001001110000011011001111011111011100101111011111000110011001010110100011000111101100111010000110011001010001100
0001011001000100000010000001110101100100110011100000001111000100100110000100111101010001101101100000011100100000011000010111101100010100111010100011110111101000001000111011101100010011010111101000100101110111010011110111111000011001011000000101111111011111
0011011001110100010111111010001100011010001110111110100111111101010000110010101010110111001101111101111010010101110010101001011001110110011100011111110110001011010101010101101101100010110001001111001001010000111100100011111001011000111110100111011011110111
1001010001101110011011100110111111001110001111001000110001100011011010010011010110100001010100000101100111100111110000010000101111011101001101110111110001011101111101010001000000111100110000010101011011010010010100110101001110110101010011101001100101111000
